242139
301931
247301
243198
10469893915
69481
91943
86319
80033
99599
105009
80926
119294
129036
109482
147557
141963
150598
139000
124802
124918
126053
149035
174432
141606
147253
142975
157967
158912
158924
157306
142252
163557
180270
178886
212155
266426
245324
271947
243006
251959
157856
341872
338667
313471
256386
265331
320547
353919
337854
379730
302173
304329
288397
275250
293533
341009
276584
277504
190956
194883
212427
245548
258976
300631
202243
159042
156715
175222
153809
156992106836
211564
266845
272937
252684
340975
253119
139103
152562
397943
447851
439399
508164
503119
555140
339248
337207
256909
515107
455354
666011
279790
292126
135628
433975
441131
619879
306777106836
106836
106836
106836

281798
143384
514147
572379
516896
59495
61844
238402
479476
464606
428193
314635
298005
482000
419730
199656
155578
152769
132891
134504
158670
129685
157049
157719
166850
125683
113154
93472
9482
106836
106836
106836
106836
106836
106836
106836
79121
79794
68514
88823
81656
71742
86443
91566
75417
115780
114655
90279
155828
147791
218338
202912
191179
212121
205593
203548
182496
195888
205276
201301
175213
172989
235205
219278
224464
178708
214138
204473
257785
195006
190593
160685
190272
197162
125854
394427
404774
250029
554847
504525
504803
479653
517667
539711
418766
